9.18019823124
5.61650175321
4.83882910638
5.47515401368
6.37556745135
4.84380247826
4.57526522712
6.75388022662
3.82769380938
5.60285867039
4.66439784875
4.65913709706
2.66024573869
5.74386690077
7.54108595624
5.70165801641
4.52588837828
4.86671971686
4.87631077428
6.26960577838
4.78363205152
2.57185503777
5.14188551508
3.41990756598
2.21104777305
6.82581740878
3.56719672078
5.43009586765
6.39926277064
5.35323402423
6.05540584697
4.25026325136
5.54062799438
5.11628093718
4.47555350594
14.2454020496
0.0377520471811
4.43171604992
7.41015570804
5.75684987299
6.4193264546
6.47922885137
5.36644597825
4.25703101909
8.69157974911
4.93079254632
4.05250162199
4.16839354807
3.6256304745
4.77647492502
6.52587777331
2.15059219177
6.99077590357
3.80243680574
4.76642862099
4.33977737953
3.42593774032
5.19513469157
6.01747115183
5.02974880117
2.95053742801
5.76679264037
4.6502467902
4.47065931521
4.48056326665
5.88671755226
4.13266378115
5.24290007574
3.93234755589
4.21190941946
5.37334690892
4.76684156396
-39.7265696378
0.832881033421
3.12490709624
2.20902305796
3.03746165426
5.64701060007
4.19485137589
5.28555256778
5.21233216729
1.5343982497
4.47584352212
6.95235809099
6.53724693423
5.97825072633
5.80556977971
1.430609123
7.8366195654
3.10486577028
5.04533310896
3.24929593239
5.27131587865
4.47204326217
6.01123830734
5.75887662266
6.51944029093
6.43777181434
2.76313917209
6.78803970732
1.9896552109
1.03866025441
5.48133077341
6.08871686181
6.28411837131
5.02871049833
5.85326928016
5.35701988139
5.40252748931
37.7674553898
0.927881598473
3.78157586612
4.6541264917
4.82193068523
6.99705261938
6.18997720261
4.95229736096
4.51766607718
7.41091120572
4.68659907943
4.48314784059
5.43575411807
6.98784952309
5.41337368446
9.66821147248
4.59113099753
3.75067005475
3.31796334598
7.55538896241
5.83593925205
2.38786740422
4.97057156443
5.61246452029
3.97966611799
3.95478031462
3.97831136983
5.43524479823
3.62469047993
4.37843686398
6.42598064547
3.11510214498
5.19610639814
6.20745536715
4.97859943714
6.63109008443
4.71682800011
-2.55738955897
-4.91847801208
