3.19934415817
0.614587366581
0.70366859436
-0.279061257839
-0.563948214054
-0.00222943420522
0.485426783562
0.138220846653
1.49078118801
0.222947865725
-0.26084280014
0.154656752944
0.232169255614
0.0314640253782
1.34150779247
0.125866904855
-0.99686229229
0.14474478364
-0.439860969782
-0.282057106495
0.00813121069223
0.0884375572205
-0.561337172985
-0.0788670107722
-1.59556698799
-0.0496696457267
0.837855637074
0.133695706725
1.62199568748
-0.0324569158256
0.818741559982
0.02157157287
0.772875487804
0.157017275691
-0.208489581943
-0.171314150095
0.516470074654
0.0641671493649
0.351832926273
-0.0887684524059
0.304873526096
0.0648025423288
-1.00703525543
0.11176854372
0.831246674061
-0.00689088087529
-0.13471122086
-0.0480310954154
-2.35369706154
-0.166372865438
1.39493823051
0.306516170502
-0.989231050014
-0.241738721728
-0.187697738409
-0.137043043971
1.18532884121
0.141949385405
-0.153309196234
-0.157991036773
0.428269773722
-0.0473805554211
-0.703239560127
-0.036823477596
1.03023278713
0.0628629624844
-0.386651217937
0.0825908482075
0.260116398335
-0.00107201631181
9.06855010986
0.749966859818
0.601964712143
-0.437986314297
0.520383954048
1.30143392086
0.257110923529
0.726043820381
0.0219318252057
0.730607330799
0.0271228197962
1.583735466
0.158060923219
0.907016217709
0.157044246793
0.053122125566
-0.204055711627
1.59672355652
0.0409748330712
0.0680633857846
0.42159485817
-1.10126543045
-0.201187998056
-1.45928430557
-0.0727393254638
-0.0821212679148
0.0864779502153
-0.0280596502125
0.0884749442339
1.17154538631
-0.0118793742731
-1.88695299625
-0.214984029531
0.733125269413
0.158770114183
-1.31064653397
0.0253148432821
0.322390019894
0.150513231754
-0.564949512482
0.0353582762182
-0.459414809942
-0.290363788605
-0.287876427174
0.161176949739
0.0846613198519
0.250486910343
0.831595778465
0.180935010314
-0.32794290781
-0.197778895497
1.55383896828
0.156228095293
-1.01454257965
-0.400876790285
-0.301571130753
0.192543655634
-0.898485839367
-0.618709802628
0.389548897743
0.168704792857
-0.683191776276
-0.0909070670605
0.236275613308
-0.158690407872
-0.486081510782
0.117643930018
0.120234280825
-0.0251486375928
0.616377174854
0.0951608493924
0.127723276615
0.0543207600713
-44.8585357666
-4.13670969009
0.558868467808
-2.6049413681
-0.187209203839
-3.20111966133
0.150603100657
-1.72576332092
-0.264336287975
1.51879954338
0.291744947433
-0.733923852444
-0.0717883631587
0.245647057891
-0.431868940592
-0.197592139244
0.0973768755794
-2.92851042747
-0.236455231905
0.32186383009
0.286331146955
1.58459985256
0.0540926866233
-0.182013615966
-0.195087194443
1.36460578442
0.16388875246
1.36934316158
0.307372659445
-3.51606965065
-0.304636240005
2.04513525963
-0.0761855617166
-1.35827624798
-0.0270816572011
-0.367469757795
-0.0233765412122
-1.63425016403
-0.511233210564
0.523998737335
0.144893407822
-0.256560772657
-0.0408744663
-0.505073606968
0.0775790959597
0.0186641961336
0.0839418023825
1.34176385403
0.520934820175
0.785338044167
0.210802808404
-1.4482408762
-0.160448759794
1.06765532494
0.267044186592
-2.98894119263
-0.503730237484
-2.55682682991
-0.111917197704
0.876279830933
0.05657581985
0.783238768578
0.0748390853405
1.95375132561
0.335337132215
0.0506948679686
0.0676461979747
0.525935351849
0.210143864155
0.627301990986
0.226706281304
0.000886894646101
0.0375676974654
33.9274635315
3.34383034706
0.814762294292
-0.527636229992
-0.134820103645
0.677311122417
-0.290269464254
0.517988502979
0.12020072341
1.62344360352
0.37320971489
1.04654693604
0.25298166275
0.294770717621
-0.0140229174867
-0.410911828279
-0.185331717134
0.860253572464
0.358016073704
-0.214573040605
-0.142376065254
0.222385600209
-0.255879819393
0.288020849228
-0.131221503019
1.9945050478
0.435832440853
-0.878160297871
-0.452109009027
4.56311655045
0.0808960050344
1.43540465832
0.202122882009
-0.513172924519
0.28620749712
-0.577956259251
-0.0604193285108
2.27377128601
-0.365895718336
0.792241632938
0.190812662244
-1.99052476883
-0.254733771086
0.292748034
0.298325479031
0.0485167913139
0.270299315453
-1.26941847801
0.0253635533154
0.220756784081
-0.386916160583
-1.51910674572
-0.0555527545512
1.59638535976
0.071634799242
-1.54706931114
0.240585878491
-1.5474126339
-0.490111678839
1.88148903847
0.426171332598
-1.55008149147
-0.228606432676
0.35213753581
-0.263695985079
0.102645531297
-0.0516088716686
-0.473520517349
0.0376625694335
0.661269009113
-0.0160524006933
0.943104863167
0.00777121633291
-7.6169257164
-0.325763255358
-4.86106920242
