3.20370960236
0.608354270458
0.705400645733
-0.281946152449
-0.56337338686
0.00180777721107
0.488514333963
0.143092527986
1.48625981808
0.21332359314
-0.260844767094
0.147994220257
0.236678898335
0.0335301719606
1.34668159485
0.13097460568
-0.999689698219
0.137917846441
-0.445989459753
-0.296954274178
0.0126659851521
0.0892720520496
-0.566164791584
-0.0792444571853
-1.5888106823
-0.0501577481627
0.847492814064
0.134467244148
1.62420332432
-0.041867274791
0.814969241619
0.0152361979708
0.772971212864
0.157175078988
-0.214247614145
-0.165825545788
0.517205297947
0.0619357936084
0.357150703669
-0.0872953608632
0.300875484943
0.0698393508792
-1.00803256035
0.112671643496
0.823652029037
-0.00969520676881
-0.13463871181
-0.0467028133571
-2.35009527206
-0.162699624896
1.39322495461
0.312037885189
-0.990265548229
-0.244734928012
-0.189242094755
-0.140588700771
1.18003356457
0.144197806716
-0.150752335787
-0.165035665035
0.433413386345
-0.0464665368199
-0.697744727135
-0.0350543856621
1.03407037258
0.0544128753245
-0.385578066111
0.0871671512723
0.258359372616
-0.00444423127919
9.05899429321
0.763665735722
0.609959959984
-0.436953485012
0.51977032423
1.30716586113
0.262073457241
0.724083006382
0.0251341443509
0.73395049572
0.023184556514
1.58142006397
0.159453138709
0.907806158066
0.153106093407
0.0535581558943
-0.205458015203
1.59784817696
0.0398663245142
0.0776254832745
0.424187093973
-1.09340584278
-0.202633738518
-1.46493852139
-0.073080278933
-0.085986122489
0.0811739936471
-0.0272537413985
0.0923158824444
1.16965055466
-0.0105243558064
-1.88797235489
-0.215919584036
0.733787477016
0.161775559187
-1.31485044956
0.029319010675
0.315267711878
0.144660562277
-0.567988455296
0.0344885922968
-0.461347699165
-0.298174411058
-0.291744947433
0.158656388521
0.0884000211954
0.24960911274
0.827944278717
0.180639088154
-0.325378775597
-0.203409507871
1.55617582798
0.155624300241
-1.02497339249
-0.397935420275
-0.300650894642
0.196089923382
-0.894159674644
-0.614128947258
0.396929591894
0.160333663225
-0.685638785362
-0.0944095551968
0.239840462804
-0.163493424654
-0.494700044394
0.111227765679
0.12431948632
-0.0252107866108
0.612193763256
0.0902799516916
0.124811470509
0.0581833682954
-44.8436393738
-4.21680355072
0.562684237957
-2.60478138924
-0.185826122761
-3.20008850098
0.143045902252
-1.72396814823
-0.266796559095
1.52579236031
0.304728984833
-0.73414850235
-0.0732185542583
0.248471289873
-0.428692579269
-0.19687089324
0.0966821536422
-2.93341803551
-0.237577319145
0.317375153303
0.281498402357
1.58155345917
0.0586326755583
-0.177260771394
-0.192365571856
1.36580979824
0.168138548732
1.36702859402
0.302739739418
-3.51641368866
-0.306163787842
2.0495724678
-0.0768359899521
-1.36504507065
-0.0247399397194
-0.365769326687
-0.0185632705688
-1.63004302979
-0.530817508698
0.51997923851
0.148473054171
-0.250171214342
-0.0471439100802
-0.5028424263
0.0839892104268
0.0119184432551
0.0774712786078
1.34458899498
0.515555143356
0.780426800251
0.207783922553
-1.44813036919
-0.149747461081
1.05667316914
0.2662537992
-2.98738193512
-0.509751677513
-2.55558753014
-0.116242647171
0.877416729927
0.0508288815618
0.793105483055
0.0725775063038
1.95524322987
0.335766464472
0.045202780515
0.0686249434948
0.529943525791
0.189431518316
0.6386308074
0.216255143285
0.00504800770432
0.0417067706585
33.9448242188
3.35851335526
0.818628311157
-0.520506024361
-0.140298217535
0.684692382812
-0.2925966084
0.514494419098
0.119455382228
1.6189596653
0.371608018875
1.04975116253
0.254085093737
0.299115419388
-0.0218219608068
-0.41465395689
-0.183077380061
0.858829915524
0.35695707798
-0.21081776917
-0.139776587486
0.222247317433
-0.255164176226
0.293435662985
-0.135546267033
1.9915869236
0.44525539875
-0.874895453453
-0.452328771353
4.56478261948
0.0705078840256
1.44224834442
0.192293569446
-0.513225734234
0.281600356102
-0.573809325695
-0.0526680424809
2.28789782524
-0.363290816545
0.779920458794
0.199514329433
-1.99480175972
-0.249052688479
0.300428241491
0.297725528479
0.0464099124074
0.275152087212
-1.25933253765
0.0321205183864
0.225642263889
-0.403689175844
-1.52418327332
-0.0524574220181
1.60311388969
0.0690725296736
-1.54891180992
0.240303725004
-1.54623258114
-0.496559292078
1.8892519474
0.429659813643
-1.54373562336
-0.223931476474
0.354120105505
-0.249199315906
0.100961878896
-0.0752532705665
-0.480756521225
0.0268177948892
0.656932175159
-0.0162080135196
0.940694212914
0.0121007636189
-7.62458181381
-0.338502019644
-4.8670463562
